               U01导航直达  U02裸实体  U03事实与数值  U04解释与介绍  U05核实与动态  U06办事与操作  U07个案判断与建议  U08清单与推荐  U09获取现成内容  U10生成与编辑  U11会话与系统指令  U12违规或灰色内容  U13无法判定
金融 搜索top1000       4.9     2.3      88.5       0.4       1.4       0.2         0.0       0.4        0.8       0.0         0.0         0.0      1.1
   搜索top10k       16.4    10.6      65.1       1.3       2.5       1.1         0.4       1.0        0.5       0.0         0.0         0.0      1.0
   助手top1k         5.5     0.0      27.1       6.3       2.6       6.5        37.1       4.4        0.0       0.1         0.0         0.2     10.2
   助手random1k      0.5     0.0      20.3      12.2      10.7      12.3        32.7       6.5        0.2       0.1         1.7         0.2      2.6
医疗 搜索top1000       0.0     3.6       3.7      74.4       1.9       1.0        12.6       0.0        1.8       0.0         0.0         0.0      1.0
   搜索top10k        0.0    10.6       5.8      55.6       5.2       4.2        14.7       0.0        2.2       0.0         0.0         0.0      1.6
   助手top1k         1.4     0.0       3.1      24.8       0.9       2.5        41.2       3.9        1.0       0.3         1.0         4.6     15.2
   助手random1k      0.0     0.0       4.0      14.3       5.1       2.9        58.6       6.0        0.2       0.5         4.1         1.1      3.2
教育 搜索top1000       8.4    71.8       5.1       3.5       0.0       0.2         0.9       0.0        5.8       1.0         0.0         0.0      3.3
   搜索top10k        6.8    22.1      20.3      15.5       0.0       0.4         1.7       0.0        8.3       1.4         0.0         0.0     23.6
   助手top1k         1.0     0.0       2.0      12.2       0.7       1.4         2.1       2.5        2.3      17.1        19.9         0.7     38.1
   助手random1k      0.5     0.0       7.1      24.7       3.7       8.8         2.5       8.9        4.1      23.6         9.8         0.8      5.4
影视 搜索top1000      16.2    33.9       0.1       2.0       0.0       0.0         0.0       6.0       34.3       0.0         0.0         3.7      3.8
   搜索top10k        9.5    38.2       0.5       2.2       0.0       0.0         0.0       5.0       37.2       0.0         0.0         4.7      2.8
   助手top1k         4.0     0.0       0.0       5.2       4.4       0.4         0.1       4.4       54.5       2.6         2.1         3.2     19.0
   助手random1k      1.6     0.0       0.6      12.9      16.8       2.3         0.5       8.6       29.6      14.2         5.9         2.5      4.5
人物 搜索top1000       5.7    50.4       4.6      31.9       0.6       0.0         0.0       2.1        2.3       0.0         0.0         1.1      1.3
   搜索top10k        4.5    49.5       4.9      32.0       0.9       0.0         0.0       2.2        2.4       0.0         0.0         1.6      2.0
   助手top1k         4.0     0.0       0.2      48.1      16.9       0.0         0.0       0.9        4.3       0.1         0.1         1.7     23.7
   助手random1k      0.8     0.0       1.6      53.6      23.9       0.1         0.4       5.6        3.3       2.8         1.9         0.7      5.3

POOLED mean of 5 domains
            U01导航直达  U02裸实体  U03事实与数值  U04解释与介绍  U05核实与动态  U06办事与操作  U07个案判断与建议  U08清单与推荐  U09获取现成内容  U10生成与编辑  U11会话与系统指令  U12违规或灰色内容  U13无法判定
助手random1k      0.7     0.0       6.7      23.5      12.0       5.3        18.9       7.1        7.5       8.2         4.7         1.1      4.2
助手top1k         3.2     0.0       6.5      19.3       5.1       2.2        16.1       3.2       12.4       4.0         4.6         2.1     21.2
搜索top1000       7.0    32.4      20.4      22.4       0.8       0.3         2.7       1.7        9.0       0.2         0.0         1.0      2.1
搜索top10k        7.4    26.2      19.3      21.3       1.7       1.2         3.4       1.6       10.1       0.3         0.0         1.3      6.2
